4	0
6	0
7	0
9	11
11	14
13	717
14	1582
16	1888
18	1773
20	1470
21	1945
23	2503
25	3463
27	3956
29	4192
30	3620
32	3074
34	2500
36	2494
37	2073
39	2234
41	2346
43	2774
44	3418
46	5003
48	6897
50	11216
52	15734
54	23363
56	27860
57	30537
59	27058
61	23219
63	17109
65	14635
67	10526
68	8958
70	6776
72	5731
74	4750
76	4963
78	4487
79	4912
81	4630
83	4829
85	4496
87	4504
89	3904
91	3842
92	3431
94	3602
96	3513
98	4019
100	4831
102	6708
103	9042
105	13282
107	17236
109	23347
111	26595
113	30927
114	31182
116	30074
118	24996
120	20887
122	14527
124	11825
126	7525
128	5670
130	3930
132	3059
134	2419
136	2253
138	2035
140	2064
142	1783
144	1845
146	1713
148	1661
150	1652
152	1608
154	1588
156	1596
158	1464
160	1710
162	1642
164	1762
166	1705
168	1832
170	1874
172	2073
174	2004
176	2239
178	2291
180	2573
182	2570
184	2971
186	3351
188	4090
190	4847
192	6590
194	7894
196	10322
198	12191
200	15209
202	16822
204	19821
206	21379
208	23003
210	23158
212	23138
214	21637
216	20056
218	17930
220	15712
222	12988
224	10966
226	8563
228	6945
230	5289
232	4144
234	3158
236	2506
238	2116
240	1835
242	1685
244	1653
246	1650
248	1804
250	1739
252	2039
254	2193
256	2552
258	2627
260	3197
262	3373
264	3954
266	3891
268	4607
270	4661
272	5106
274	5079
276	5054
278	4895
280	4780
282	4303
284	4156
286	3679
288	3459
290	2952
292	2751
294	2318
296	2196
298	1910
300	1926
302	1697
304	1726
306	1743
308	1905
310	1988
312	2276
314	2546
316	2865
318	3100
320	3740
322	4026
324	4767
326	4875
328	5503
330	5591
332	6005
334	5929
336	6084
338	5948
340	5609
342	5136
344	4704
347	4236
349	3506
351	3014
353	2474
355	2080
357	1628
359	1215
361	934
363	648
365	530
367	360
369	287
371	187
373	145
375	113
377	97
379	90
381	59
383	67
385	61
388	50
390	60
392	48
394	57
396	45
398	45
400	43
402	56
404	49
406	52
408	54
410	42
412	56
414	37
416	40
418	50
420	33
422	33
424	32
426	33
428	31
431	32
433	37
435	42
437	37
439	36
441	38
443	39
445	21
447	34
449	42
451	38
453	24
455	28
457	20
459	29
461	22
463	22
465	23
467	12
469	23
472	17
474	27
476	14
478	14
480	14
482	14
484	25
486	23
488	19
490	14
492	14
494	19
496	22
498	15
500	20
502	20
504	17
506	19
508	15
510	15
512	7
515	15
517	15
519	17
521	19
523	13
525	14
527	8
529	17
531	9
533	9
535	19
537	22
539	13
541	12
543	13
545	7
547	14
549	16
551	9
553	7
556	8
558	12
560	10
562	9
564	11
566	10
568	9
570	10
572	9
574	8
576	4
578	5
580	7
582	6
584	4
586	6
588	8
590	0
592	6
594	3
596	1
599	5
601	4
603	2
605	1
607	3
609	3
611	4
613	3
615	9
617	5
619	5
621	3
623	4
625	7
627	3
629	5
631	5
633	4
635	4
637	5
640	5
642	3
644	3
646	2
648	9
650	3
652	5
654	6
656	1
658	2
660	1
662	3
664	4
666	4
668	5
670	6
672	2
674	4
676	1
678	2
680	3
682	2
684	2
686	1
688	1
690	0
692	3
694	0
696	1
698	0
700	6
702	2
704	1
706	2
708	1
710	0
712	4
714	6
716	3
718	2
720	5
722	0
724	3
726	1
728	0
730	0
732	0
734	0
736	1
738	4
740	0
742	0
744	2
746	2
748	4
750	3
752	0
754	1
756	2
758	2
760	4
762	1
764	1
766	0
768	2
770	0
772	4
774	3
776	1
778	2
780	2
782	0
784	4
786	2
788	1
790	2
792	1
794	0
796	0
798	0
800	1
802	2
804	0
806	0
808	0
810	1
812	1
814	1
816	2
818	1
820	0
822	1
824	0
826	0
828	0
830	1
832	2
834	1
836	0
838	3
840	1
842	0
844	1
846	1
848	1
850	2
852	0
854	0
856	2
858	0
860	0
862	1
864	0
866	0
868	2
870	0
872	2
874	0
876	2
878	2
880	1
882	0
884	1
886	2
888	3
890	1
892	0
894	1
896	0
898	0
900	2
902	3
904	1
906	1
908	3
910	0
912	2
914	0
916	1
918	2
920	0
922	0
924	0
926	0
928	3
930	1
932	0
934	2
936	2
938	4
940	0
942	0
944	2
946	2
948	2
950	2
952	0
954	1
956	2
958	0
960	1
962	0
964	0
966	0
968	0
970	0
972	0
974	0
976	1
978	0
980	1
982	1
984	0
986	2
988	1
990	0
992	1
994	0
996	0
998	1
1000	1
1002	0
1004	2
1006	1
1008	1
1010	1
1012	0
1014	0
1016	0
1018	0
1020	0
1022	2
1024	0
1026	2
1028	0
1030	0
1032	0
1034	1
1036	0
1038	0
1040	0
1042	1
1044	0
1046	2
1048	2
1050	0
1052	2
1054	0
1056	2
1058	1
1060	0
1062	2
1064	1
1066	1
1068	0
1070	0
1072	2
1074	3
1076	0
1078	3
1080	1
1082	3
1084	1
1086	0
1088	1
1090	1
1092	0
1094	0
1096	0
1098	1
1100	0
1102	0
1104	2
1106	0
1108	0
1110	1
1112	0
1114	0
1116	3
1118	0
1120	0
1122	1
1124	1
1126	2
1128	0
1130	0
1132	0
1134	1
1136	0
1138	0
1140	1
1142	0
1144	1
1146	1
1148	0
1150	0
1152	0
1154	0
1156	1
1158	1
1160	2
1162	0
1164	1
1166	1
1168	2
1170	2
1172	1
1174	1
1176	1
1178	0
1180	0
1182	1
1184	1
1186	1
1188	0
1190	2
1192	0
1194	0
1196	1
1198	1
1200	0
1202	1
1204	1
1206	0
1208	0
1210	0
1212	2
1214	0
1216	0
1218	1
1220	1
1222	0
1224	1
1226	0
1228	1
1230	1
1232	1
1234	1
1236	0
1238	1
1240	0
1242	0
1244	0
1246	1
1248	0
1250	0
1252	0
1254	1
1256	0
1258	0
1260	0
1262	2
1264	0
1266	2
1268	0
1270	0
1272	2
1274	0
1276	0
1278	0
1280	0
1282	0
1284	0
1286	0
1288	1
1290	0
1292	0
1294	1
1296	0
1298	0
1300	1
1302	0
1304	0
1306	1
1308	0
1310	0
1312	0
1314	0
1316	0
1318	0
1320	0
1322	0
1324	2
1326	0
1328	0
1330	0
1332	1
1334	1
1336	1
1338	1
1340	1
1342	0
1344	1
1346	0
1348	1
1350	0
1352	1
1354	0
1356	1
1358	1
1360	1
1362	1
1364	0
1366	0
1368	0
1370	2
1372	1
1374	0
1376	1
1378	0
1380	0
1382	0
1384	0
1386	0
1388	0
1390	0
1392	0
1394	1
1396	0
1398	0
1400	0
1402	1
1404	1
1406	1
1408	0
1410	0
1412	0
1414	1
1416	2
1418	0
1420	0
1422	0
1424	0
1426	1
1428	0
1430	0
1432	2
1434	0
1436	0
1438	0
1440	0
1442	0
1444	0
1446	1
1448	1
1450	1
1452	0
1454	0
1456	1
1458	1
1460	0
1462	0
1464	0
1466	0
1468	2
1470	0
1472	1
1474	0
1476	0
1478	0
1480	0
1482	1
1484	0
1486	0
1488	0
1490	0
1492	0
1494	0
1496	1
1498	1
1500	0
1502	0
1504	1
1506	1
1508	0
1510	0
1512	1
1514	0
1516	0
1518	0
1520	0
1522	0
1524	1
1526	0
1528	0
1530	1
1532	0
1534	1
1536	0
1538	0
1540	0
1542	1
1544	0
1546	1
1548	0
1550	1
1552	0
1554	0
1556	0
1558	0
1560	0
1562	0
1564	0
1566	0
1568	0
1570	1
1572	0
1574	0
1576	0
1578	1
1580	0
1582	0
1584	0
1586	0
1588	0
1590	0
1592	0
1594	0
1596	0
1598	0
1600	0
1602	0
1604	0
1606	0
1608	0
1610	0
1612	0
1614	0
1616	0
1618	0
1620	0
1622	0
1624	0
1626	0
1628	0
1630	0
1632	0
1634	0
1636	0
1638	0
1640	1
1642	0
1644	0
1646	0
1648	0
1650	0
1652	0
1654	0
1656	0
1658	0
1660	0
1662	0
1664	0
1666	0
1668	0
1670	0
1672	0
1674	0
1676	1
1678	0
1680	0
1682	0
1684	0
1686	0
1688	0
1690	0
1692	0
1694	0
1696	1
1698	0
1700	0
1702	0
1704	0
1706	1
1708	1
1710	0
1712	0
1714	0
1716	1
1718	0
1720	0
1722	0
1724	1
1726	2
1728	0
1730	0
1732	1
1734	0
1736	0
1738	0
1740	0
1742	0
1744	0
1746	0
1748	0
1750	0
1752	0
1754	0
1756	0
1758	0
1760	0
1762	0
1764	0
1766	0
1768	0
1770	0
1772	0
1774	0
1776	0
1778	0
1780	0
1782	0
1784	0
1786	0
1788	1
1790	0
1792	1
1794	1
1796	0
1798	0
1800	0
1802	0
1804	1
1806	0
1808	0
1810	0
1812	0
1814	0
1816	0
1818	0
1820	0
1822	0
1824	0
1826	0
1828	0
1830	0
1832	0
1834	0
1836	0
1838	0
1840	0
1842	0
1844	0
1846	0
1848	0
1850	0
1852	1
1854	0
1856	0
1858	0
1860	0
1862	0
1864	0
1866	0
1868	0
1870	0
1872	0
1874	0
1876	0
1878	0
1880	0
1882	0
1884	1
1886	0
1888	0
1890	0
1892	0
1894	0
1896	0
1898	0
1900	0
1902	0
1904	0
1906	0
1908	0
1910	0
1912	0
1914	0
1916	0
1918	0
1920	0
1922	0
1924	0
1926	0
1928	0
1930	0
1932	0
1934	0
1936	0
1938	0
1940	0
1942	0
1944	0
1946	0
1948	0
1950	1
1952	0
1954	1
1956	0
1958	0
1960	1
1962	0
1964	0
1966	0
1968	0
1970	0
1972	0
1974	0
1976	0
1978	1
1980	0
1982	0
1984	0
1986	0
1988	0
1990	0
1992	0
1994	0
1996	0
1998	0
2000	0
2002	0
2004	0
2006	0
2008	0
2010	0
2012	0
2014	0
2016	0
2018	0
2020	1
2022	0
2024	0
2026	0
2028	0
2030	0
2032	0
2034	0
2036	0
2038	0
2040	0
2042	0
2044	0
2046	1
